(* InterVoxelPropagatorDynamicValues.wl
   Auto-generated by InterVoxelPropagatorDynamic.wl
   Raw derivatives d^2 W_m / dR_j dR_l and d^4 W_m / dR^4
   WITHOUT 1/(4pi) or 1/(8pi) normalisation factors.
   Date: Sun 19 Apr 2026 12:11:00
*)

(* ===== FACE R=(1,0,0) ===== *)

(* Order 1: Psi (rho) -> A, X (rho^3) -> B *)
dW2A11face = 0.30434003593387251229079997423719703269`20.;
dW2A22face = 0.82871516563404197555292806268148731`20.15051499783199 + 0``20.232109711249773*I;
dW3B1111face = 1.41327701454403944663624309845325911613`20.;
dW3B1122face = 1.11940170833121535042667829619655264043`20.;
dW3B2222face = 6.61390374095420502774516207919909019538`20.150514997831998 + 0``19.330057127949296*I;
dW3B2233face = 2.21127653832308332846329637678220488349`20.;

(* Order 2: X (rho^3) -> A, Omega (rho^5) -> B *)
dW3A11face = 6.1468703349141033402076463076146308308`20.15051499783199 + 0``19.361860945834486*I;
dW3A22face = 3.93095155409960859064927327286636784646`20.150514997831987 + 0``19.556017306318402*I;
dW4B1111face = 121.10629615723429259158372585657332300028`20.15051499783199 + 0``18.067348275702447*I;
dW4B1122face = 31.64990694509440380732283168593280098287`20.;
dW4B2222face = 64.72963275084629336694168850102071172861`20.15051499783199 + 0``18.33941185481427*I;
dW4B2233face = 21.54900692704756054521367799903752264411`20.;

(* ===== EDGE R=(1,1,0) ===== *)

(* Order 1 *)
dW2A11edge = 0.38529898485200793724187509856657973549`20.115989859493766 + 0``20.564717133054007*I;
dW2A33edge = 0.64639228402098784773496567451288142993`20.15051499783199 + 0``20.340018834203935*I;
dW2A12edge = -0.26788042772784072222566537385633752298`20.15051499783199 + 0``20.72257401412417*I;
dW3B1111edge = 2.27247134973510232850670592475345489241`20.150514997831987 + 0``19.79401658128689*I;
dW3B1122edge = 1.16949686073991690188549381829092480163`20.;
dW3B1133edge = 1.18161960774907601651030143975457712944`20.;
dW3B3333edge = 5.39346819275370213979898521464542289652`20.150514997831987 + 0``19.41864687594848*I;
dW3B1112edge = -1.29181426541309712007959484178803660534`20.150514997831998 + 0``20.03931492171529*I;
dW3B1233edge = -0.63093660190789442654879480269997706509`20.15051499783199 + 0``20.350529275394248*I;

(* Order 2 *)
dW3A11edge = 6.72804661239907577216029227746982147824`20.15051499783199 + 0``19.322626006207777*I;
dW3A33edge = 4.92607224313657099253407909769776618464`20.15051499783199 + 0``19.458014221151988*I;
dW3A12edge = 1.80873224417671787438473405230921930165`20.150514997831998 + 0``19.89314071703257*I;
dW4B1111edge = 126.69450210248536477559713131847738329311`20.15051499783199 + 0``18.047757228713028*I;
dW4B1122edge = 40.52235834689523028489963709053584898916`20.;
dW4B1133edge = 34.62453792259167810431199991508141205366`20.;
dW4B3333edge = 78.53309144891377356739837310077016141106`20.15051499783199 + 0``18.255462304075348*I;
dW4B1112edge = 22.88723612738029927491691438704209474395`20.15051499783199 + 0``18.79092164758213*I;
dW4B1233edge = 8.48749507054093768170819279519238955831`20.15051499783199 + 0``19.221735462777602*I;

(* ===== CORNER R=(1,1,1) ===== *)

(* Order 1 *)
dW2A11corner = 0.38586466785236013459582970649052262277`20.;
dW2A12corner = -0.16121187591918290103195057422408915932`20.;
dW3B1111corner = 2.53304140303690244565026213036469109409`20.;
dW3B1122corner = 1.04866730559570958474984717376079018928`20.;
dW3B1112corner = -0.91956804085889468740203149298868097564`20.;
dW3B1123corner = -0.09540642931240543757934390471170796062`20.;

(* Order 2 *)
dW3A11corner = 7.3114920249825310509890114889200392488`20.;
dW3A12corner = 1.55428124313434973872795858018753160248`20.;
dW4B1111corner = 133.00383894991481736747178768169932693003`20.;
dW4B1122corner = 43.17046089978055708109927849295092512934`20.;
dW4B1112corner = 20.48871726047062015519205015522104246114`20.;
dW4B1123corner = 5.65100277308925185145465709518386314946`20.;
